1	34	28	22	22	21	18	78	66	49	1012	1009.94	1008	4.0	3.1	1.0	7	2	0	0.0	None 
2	33	28	22	23	21	20	94	70	55	1011	1008.32	1006	5.0	3.6	1.5	11	5	0	0.0	None 
3	33	28	23	22	21	19	83	68	52	1009	1006.06	1004	4.0	3.9	3.0	11	4	0	0.0	None 
4	32	26	21	19	18	15	88	59	38	1007	1005.54	1004	6.0	4.5	3.5	11	6	0	0.0	None 
5	33	28	23	19	17	16	65	51	41	1009	1007.83	1006	6.0	5.2	4.0	11	6	0	0.0	None 
6	33	28	22	21	19	18	78	63	46	1013	1011.64	1010	5.0	3.6	3.0	7	2	0	0.0	None 
7	32	26	21	23	20	18	83	70	55	1014	1012.39	1011	4.0	3.3	2.0	9	2	0	0.0	None 
8	30	24	20	19	18	17	83	68	51	1013	1012.57	1011	4.0	3.3	3.0	9	2	0	0.0	None 
9	24	24	23	18	18	18	73	71	69	1011	1011.00	1011	4.0	4.0	4.0	0	0	0	0.0	None 
10	32	28	23	21	19	16	69	60	52	1011	1009.88	1009	4.0	4.0	4.0	6	1	0	0.0	None 
11	32	26	20	20	18	16	78	65	49	1013	1011.40	1010	4.0	4.0	3.5	7	4	0	0.0	None 
12	32	25	18	17	17	17	94	62	40	1013	1012.12	1011	5.0	4.4	4.0	11	4	0	0.0	None 
13	23	20	17	17	16	12	88	74	65	1018	1016.64	1016	4.0	3.9	3.0	22	11	0	0.0	Rain 
14	27	22	17	14	13	12	82	60	42	1019	1017.33	1016	5.0	4.1	3.0	7	1	0	0.0	None 
15	30	24	17	19	15	12	77	65	51	1019	1016.45	1015	4.0	3.9	3.0	6	1	0	0.0	None 
16	30	23	16	18	17	13	82	64	48	1018	1015.18	1014	4.0	3.9	3.5	7	2	0	0.0	None 
17	30	24	18	17	15	14	77	59	42	1017	1015.00	1013	5.0	4.3	4.0	7	4	0	0.0	None 
18	25	20	18	16	15	14	83	66	57	1018	1017.00	1016	5.0	4.2	4.0	11	7	0	0.0	None 
19	28	22	16	14	13	12	82	67	42	1019	1017.27	1016	5.0	4.2	4.0	7	1	0	0.0	None 
20	29	22	16	17	15	12	77	60	48	1019	1016.77	1015	5.0	4.2	3.5	6	2	0	0.0	None 
21	28	22	16	17	16	12	78	66	48	1017	1015.22	1014	4.0	3.7	3.0	26	11	0	0.0	Rain 
22	26	20	15	15	13	12	88	65	42	1017	1015.06	1013	6.0	4.6	4.0	11	7	0	0.0	Rain
23	27	20	13	14	12	11	88	64	42	1015	1013.29	1011	4.0	3.9	3.0	7	3	0	0.0	None 
24	28	21	14	15	14	11	82	58	42	1016	1014.40	1013	4.0	3.8	3.0	7	1	0	0.0	None 
25	27	20	14	16	14	12	88	68	51	1017	1015.27	1014	4.0	3.7	3.0	7	2	0	0.0	None 
26	27	21	15	15	14	12	82	64	45	1018	1015.78	1011	4.0	3.9	3.5	6	2	0	0.0	None 
27	28	22	15	16	14	13	94	64	39	1017	1015.13	1013	4.0	3.6	2.0	11	3	0	0.0	None 
28	28	22	16	17	15	14	88	73	51	1017	1015.40	1013	4.0	3.1	1.0	4	0	0	0.0	None 
29	28	22	16	17	15	14	88	69	51	1017	1015.31	1014	4.0	3.0	1.5	6	1	0	0.0	 None
30	18	18	18	14	14	14	77	77	77	1015	1015.00	1015	3.0	3.0	3.0	0	0	0	0.0     None
31	29	22	16	17	15	12	77	60	48	1019	1016.77	1015	5.0	4.2	3.5	6	2	0	0.0	None 
	 
