1	37  32  27  26  24  23  82  59  40  1003  1001  1000  3  3  3  3  2  0  0.00     
2	36  32  29  26  24  23  69  55  46  1003  1001  1000  3  3  3  0  0  0  0.00     
3	34  31  27  27  25  23  82  61  51  1003  1002  1001  3  3  3  3  0  0  0.00     
4	37  32  27  27  26  24  81  63  41  1005  1004  1002  3  3  3  3  3  0  0.00     
5	37  32  27  28  26  24  73  63  43  1005  1003  1001  3  3  3  3  0  0  0.00     
6	37  32  27  27  26  25  73  64  48  1005  1003  1001  3  3  3  3  2  0  0.00     
7	37  33  30  27  26  25  73  62  46  1006  1004  1003  3  3  3  3  2  0  0.00     
8	38  33  29  26  26  24  77  57  39  1007  1006  1005  3  3  3  0  0  0  0.00     
9 38  34  30  26  26  24  73  59  44  1006  1003  1001  3  3  3  0  0  0  0.00     
10 37  32  27  26  25  24  73  60  48  1005  1003  1002  3  3  3  3  0  0  0.00     
11 36  32  28  26  25  24  69  58  46  1008  1006  1003  3  3  3  0  0  0  0.00     
12 37  32  27  26  24  24  73  58  43  1008  1006  1004  3  3  3  3  0  0  0.00     
13 31  29  28  27  25  24  73  69  65  1007  1006  1005  3  3  3  0  0  0  0.00    
	 
